1.116378992581014140e+00 2.185396332980364065e+00 1.547973848079154777e+02 2.500000000000000000e+02 2.730000000000000000e+02
1.100668177159277450e+00 2.213756035068294103e+00 1.403395610518632566e+02 2.690000000000000000e+02 2.760000000000000000e+02
1.194500339232042574e+00 2.104849929815258758e+00 3.180136521686179094e+02 2.730000000000000000e+02 3.070000000000000000e+02
1.110670950451190908e+00 2.196055935403073534e+00 1.206586022541001739e+02 2.730000000000000000e+02 3.200000000000000000e+02
1.244507453925379981e+00 2.079735773740542637e+00 2.944558479814845668e+02 3.040000000000000000e+02 3.100000000000000000e+02
1.120490910515312910e+00 2.178742906285941139e+00 1.249554641051345243e+02 3.030000000000000000e+02 3.220000000000000000e+02
9.805792837286351205e-01 2.358273625728815048e+00 1.909987646224954005e+01 3.070000000000000000e+02 3.160000000000000000e+02
1.295472643724882467e+00 2.026472367638179950e+00 3.181963249510556579e+02 3.260000000000000000e+02 3.420000000000000000e+02
1.393514985127790817e+00 1.930573846406331340e+00 1.387694970441223177e+02 3.490000000000000000e+02 3.670000000000000000e+02
1.441822876229035488e+00 1.907638973064739618e+00 1.527958724138276239e+02 3.420000000000000000e+02 3.480000000000000000e+02
1.313119125622907557e+00 1.997426699284773788e+00 2.029225018962856666e+02 3.560000000000000000e+02 5.100000000000000000e+02
1.219119905786327340e+00 2.091559589577078881e+00 3.574198609825989479e+02 4.100000000000000000e+02 4.180000000000000000e+02
8.782443418002990887e-01 2.478420160742444533e+00 6.137757098416614099e+01 4.420000000000000000e+02 4.650000000000000000e+02
8.366689775262697859e-01 2.539514186614728164e+00 1.688035881002474525e+01 4.310000000000000000e+02 4.490000000000000000e+02
9.805681515045893137e-01 2.360741087253028780e+00 1.392617629456092345e+02 4.620000000000000000e+02 4.710000000000000000e+02
1.033198181425902362e+00 2.281984484886924403e+00 1.906493237198590123e+02 4.700000000000000000e+02 4.820000000000000000e+02
1.327776542214519129e+00 1.998584806185018881e+00 1.054572867617155225e+02 4.670000000000000000e+02 4.790000000000000000e+02
9.365791324659913375e-01 2.423097957938523006e+00 1.064724662812159295e+02 4.800000000000000000e+02 4.870000000000000000e+02
1.287753991145187404e+00 2.035828291426834635e+00 1.454767517266070627e+02 4.770000000000000000e+02 5.160000000000000000e+02
1.309918565548341851e+00 2.001427540367551217e+00 3.095545950479438488e+02 4.750000000000000000e+02 4.840000000000000000e+02
1.329791121365090145e+00 1.994994747124676948e+00 3.151580804283569250e+02 4.880000000000000000e+02 4.930000000000000000e+02
1.201781735330687440e+00 2.094293981666796256e+00 2.960468193023939421e+01 4.930000000000000000e+02 5.020000000000000000e+02
1.227579894206963118e+00 2.078469378254988786e+00 3.997441909309759467e+01 4.860000000000000000e+02 4.910000000000000000e+02
9.075034494244688110e-01 2.451200395795110509e+00 2.250899416556248980e+02 5.070000000000000000e+02 5.140000000000000000e+02
9.582231124977514947e-01 2.367241485089516040e+00 3.066880739141724916e+02 5.170000000000000000e+02 5.270000000000000000e+02
1.330663230146462261e+00 1.995747753354941478e+00 1.560972871972774101e+02 5.170000000000000000e+02 5.250000000000000000e+02
9.277068936066243943e-01 2.399400903937285445e+00 2.833114760934997776e+02 5.270000000000000000e+02 5.450000000000000000e+02
1.335467657848076861e+00 1.987495892302178602e+00 1.619852936833856347e+02 5.220000000000000000e+02 5.330000000000000000e+02
9.642293106562345173e-01 2.360370787191851338e+00 2.463784722680716186e+02 5.340000000000000000e+02 5.470000000000000000e+02
1.181048394775288335e+00 2.131505636938198389e+00 1.005706549195440402e+02 5.190000000000000000e+02 5.670000000000000000e+02
8.959899644948720043e-01 2.486814906081290300e+00 2.452193801606701982e+02 5.290000000000000000e+02 5.770000000000000000e+02
1.541460334657660747e+00 1.818196596165259304e+00 8.708294104124320256e+01 5.310000000000000000e+02 5.550000000000000000e+02
1.151128807304597546e+00 2.154714011957929110e+00 1.640940902508923500e+02 5.450000000000000000e+02 5.570000000000000000e+02
8.510153292303572758e-01 2.566376436878611944e+00 2.247434401082587101e+02 5.420000000000000000e+02 5.570000000000000000e+02
1.517865850476459944e+00 1.829899892212629053e+00 7.710372461519523313e+01 5.560000000000000000e+02 5.570000000000000000e+02
1.038045760374777249e+00 2.275625010943893134e+00 4.273930981966418585e+01 5.550000000000000000e+02 5.710000000000000000e+02
7.882189054478988544e-01 2.633057926358508105e+00 1.048907015310714996e+01 5.540000000000000000e+02 5.930000000000000000e+02
6.600321177007534290e-01 2.880859613111501183e+00 6.994865107951545724e+01 5.790000000000000000e+02 5.970000000000000000e+02
5.728950962387788781e-01 2.982080169368364508e+00 6.500843089778118156e+01 5.950000000000000000e+02 6.150000000000000000e+02
1.082765188813697543e+00 2.214848400898905556e+00 8.651309360816185290e+00 6.170000000000000000e+02 6.270000000000000000e+02
9.500363853704157924e-01 2.391363822452632792e+00 3.452084451359799004e+02 6.250000000000000000e+02 6.330000000000000000e+02
1.130625101112067155e+00 2.192359147379285833e+00 1.061115618772694233e+02 6.310000000000000000e+02 6.360000000000000000e+02
1.621493139736803313e+00 1.761916309736185404e+00 2.676594452664805885e+02 6.410000000000000000e+02 6.510000000000000000e+02
5.984936988655010781e-01 2.973594614879608855e+00 9.628528603196446056e+01 6.610000000000000000e+02 6.800000000000000000e+02
7.183701716492975065e-01 2.729869727810912750e+00 3.142413291574362120e+02 6.730000000000000000e+02 6.910000000000000000e+02
1.455078443996523418e+00 1.887665478617858605e+00 3.191772713682094036e+02 6.740000000000000000e+02 6.850000000000000000e+02
1.161116564153333419e+00 2.132052294244992652e+00 2.192673654002101102e+01 6.880000000000000000e+02 7.060000000000000000e+02
7.806478937420719966e-01 2.659240476430698052e+00 6.951008956671375927e+01 7.010000000000000000e+02 7.470000000000000000e+02
7.969854146925530181e-01 2.596500522316383730e+00 1.277998846813638920e+02 6.940000000000000000e+02 7.120000000000000000e+02
1.551204730763572126e+00 1.807379819874508353e+00 6.537505914473467783e+01 7.170000000000000000e+02 7.640000000000000000e+02
5.120633617167420493e-01 3.224231512534559307e+00 6.588028429355790649e+01 7.340000000000000000e+02 7.480000000000000000e+02
1.571374275340826410e+00 1.797554754432516999e+00 7.164753468126582447e+01 7.610000000000000000e+02 7.770000000000000000e+02
1.647485278040011325e+00 1.745028088142639211e+00 6.687794214900259249e+01 7.770000000000000000e+02 7.800000000000000000e+02
1.377637322195056635e+00 1.943041403080007390e+00 5.679323159004707122e+01 8.170000000000000000e+02 8.360000000000000000e+02
9.386539576189329992e-01 2.416188608199739019e+00 1.212425184618950880e+00 8.510000000000000000e+02 8.610000000000000000e+02
8.559424745424355496e-01 2.539910814491797453e+00 1.993671647105979901e+02 8.460000000000000000e+02 8.540000000000000000e+02
1.571528189461926184e+00 1.802172332508547914e+00 1.577337830553180993e+02 8.370000000000000000e+02 8.780000000000000000e+02
7.837306667823744633e-01 2.639820199322464589e+00 6.763587911251715923e+01 8.570000000000000000e+02 8.700000000000000000e+02
1.035467147951278699e+00 2.279085280797970903e+00 1.269102275422237653e+02 8.650000000000000000e+02 8.840000000000000000e+02
1.717862873021326564e+00 1.709157550147224480e+00 2.267589117605589308e+02 8.730000000000000000e+02 8.940000000000000000e+02
1.215451258834025827e+00 2.108758494397542815e+00 2.785973481695559713e+02 8.930000000000000000e+02 9.000000000000000000e+02
1.527618279904686016e+00 1.835162373687763138e+00 9.698932899324245227e+01 9.070000000000000000e+02 9.210000000000000000e+02
1.609154121564326356e+00 1.774758304669200371e+00 2.032105456074984886e+02 9.130000000000000000e+02 9.210000000000000000e+02
1.684027215397159161e+00 1.723309770660608864e+00 2.012893458412995642e+02 9.320000000000000000e+02 9.350000000000000000e+02
9.603354749544671387e-01 2.362317928860712346e+00 3.583217214696860538e+02 9.440000000000000000e+02 9.530000000000000000e+02
1.044311040494319665e+00 2.248613028993196039e+00 1.312257143724473281e+02 9.520000000000000000e+02 9.660000000000000000e+02
1.163631616625811382e+00 2.125481812071479570e+00 1.617066503619962532e+02 9.420000000000000000e+02 9.520000000000000000e+02
1.084542270196123592e+00 2.200683509698822427e+00 7.440021542486601902e+01 9.620000000000000000e+02 9.690000000000000000e+02
1.005577525670677597e+00 2.293612404927577231e+00 3.299912752927143629e+02 9.780000000000000000e+02 9.960000000000000000e+02
