0.000000000000000000e+00 0.000000000000000000e+00
3.138075313807519251e+00 0.000000000000000000e+00
6.276150627615066924e+00 0.000000000000000000e+00
9.414225941422586175e+00 1.491151254995905557e-05
1.255230125523013385e+01 1.491151254995905557e-05
1.569037656903765310e+01 3.082256729541445824e-05
1.882845188284520077e+01 3.082256729541445824e-05
2.196652719665272002e+01 3.082256729541445824e-05
2.510460251046023927e+01 3.082256729541445824e-05
2.824267782426778695e+01 3.082256729541445824e-05
3.138075313807530620e+01 3.082256729541445824e-05
3.451882845188285387e+01 1.591105474545540267e-05
3.765690376569037312e+01 1.591105474545540267e-05
4.079497907949789237e+01 0.000000000000000000e+00
4.393305439330544004e+01 0.000000000000000000e+00
4.707112970711298772e+01 0.000000000000000000e+00
5.020920502092050697e+01 0.000000000000000000e+00
5.334728033472802622e+01 0.000000000000000000e+00
5.648535564853554547e+01 9.943672387645747504e-06
5.962343096234309314e+01 2.200900197434372879e-05
6.276150627615064082e+01 4.673645584802411717e-05
6.589958158995816007e+01 4.673645584802411717e-05
6.903765690376567932e+01 4.673645584802411717e-05
7.217573221757319857e+01 4.673645584802411717e-05
7.531380753138074624e+01 4.673645584802411717e-05
7.845188284518829391e+01 6.270493857424188754e-05
8.158995815899581316e+01 7.500358772607512356e-05
8.472803347280333242e+01 6.293825813937714228e-05
8.786610878661085167e+01 4.644406733444588495e-05
9.100418410041842776e+01 5.972039513936917279e-05
9.414225941422594701e+01 5.972039513936917279e-05
9.728033472803346626e+01 5.972039513936917279e-05
1.004184100418409855e+02 7.373263456590434424e-05
1.035564853556485048e+02 8.534334501741376719e-05
1.066945606694560809e+02 7.464131337035145657e-05
1.098326359832636001e+02 1.007706189885048336e-04
1.129707112970711194e+02 1.176598297731942669e-04
1.161087866108786955e+02 1.043835019682709791e-04
1.192468619246861579e+02 1.043835019682709791e-04
1.223849372384937340e+02 1.043835019682709791e-04
1.255230125523012532e+02 1.028183434952749658e-04
1.286610878661087725e+02 7.523915031754777245e-05
1.317991631799163486e+02 7.585415585015139713e-05
1.349372384937238110e+02 6.274417041433831533e-05
1.380753138075313871e+02 5.144191235596136673e-05
1.412133891213389063e+02 5.144191235596136673e-05
1.443514644351464256e+02 6.398089025094980272e-05
1.474895397489540017e+02 6.398089025094980272e-05
1.506276150627614641e+02 5.153380929741064459e-05
1.537656903765690402e+02 5.153380929741064459e-05
1.569037656903765594e+02 3.937851387239034700e-05
1.600418410041840787e+02 2.635919369005005177e-05
1.631799163179916548e+02 2.782793579288661079e-05
1.663179916317991172e+02 2.782793579288661079e-05
1.694560669456066933e+02 4.628382082687526426e-05
1.725941422594142125e+02 1.157714179584829004e-04
1.757322175732217318e+02 1.644086409854316724e-04
1.788702928870293078e+02 2.048838916401208915e-04
1.820083682008367703e+02 2.048838916401208915e-04
1.851464435146443464e+02 2.206574768172667395e-04
1.882845188284518656e+02 2.271058433075343877e-04
1.914225941422593849e+02 2.820870467647029886e-04
1.945606694560669609e+02 2.889432832633418748e-04
1.976987447698744802e+02 2.731461672162498969e-04
2.008368200836819994e+02 2.357244876411964470e-04
2.039748953974895187e+02 2.208169206554132149e-04
2.071129707112970380e+02 2.326823531007072079e-04
2.102510460251046140e+02 2.322739901065098717e-04
2.133891213389121333e+02 2.557863155182391740e-04
2.165271966527196525e+02 2.131688067948957731e-04
2.196652719665271718e+02 1.911764526846121675e-04
2.228033472803346910e+02 1.499665116438113777e-04
2.259414225941422671e+02 1.537467958295219263e-04
2.290794979079497864e+02 1.385232603694335754e-04
2.322175732217573056e+02 1.423035656249382538e-04
2.353556485355648249e+02 1.494894987829967214e-04
2.384937238493724010e+02 1.042398489831015962e-04
2.416317991631799202e+02 1.024047268520025811e-04
2.447698744769874395e+02 1.002356691023942098e-04
2.479079497907949587e+02 1.277492704969571081e-04
2.510460251046024780e+02 1.634011317367760861e-04
2.541841004184100541e+02 1.810746046058452421e-04
2.573221757322176018e+02 1.914369512662064459e-04
2.604602510460250642e+02 1.809412320965764426e-04
2.635983263598326403e+02 2.110812920364859300e-04
2.667364016736401027e+02 2.240459162722142168e-04
2.698744769874476788e+02 2.103562287044902180e-04
2.730125523012552549e+02 1.703620872662124511e-04
2.761506276150627173e+02 1.293843838780465039e-04
2.792887029288702934e+02 1.173070521281389163e-04
2.824267782426777558e+02 9.129896776697904101e-05
2.855648535564853319e+02 1.170135697231961501e-04
2.887029288702929080e+02 9.903030097076627285e-05
2.918410041841003704e+02 1.254986799065864727e-04
2.949790794979079465e+02 1.376945882953541089e-04
2.981171548117155226e+02 1.641265903569932242e-04
3.012552301255229850e+02 1.544566048677343227e-04
3.043933054393305611e+02 1.543545010338298693e-04
3.075313807531380235e+02 1.671275908686064172e-04
3.106694560669455996e+02 1.293575527410123320e-04
3.138075313807531757e+02 1.172007615535327219e-04
3.169456066945606381e+02 6.723918577925805037e-05
3.200836820083682142e+02 6.859542059992930485e-05
3.232217573221756766e+02 9.926623556205313448e-05
3.263598326359832527e+02 9.926623556205313448e-05
3.294979079497908288e+02 1.101870441306183022e-04
3.326359832635982912e+02 1.108270883322696413e-04
3.357740585774058673e+02 1.253344129828811316e-04
3.389121338912133297e+02 1.253344129828811316e-04
3.420502092050209058e+02 1.671580328988894922e-04
3.451882845188284819e+02 1.536058896894506014e-04
3.483263598326360579e+02 1.029739944387072885e-04
3.514644351464435204e+02 1.703957930955244185e-04
3.546025104602509828e+02 1.436367990328844997e-04
3.577405857740585589e+02 1.691306786581626281e-04
3.608786610878661349e+02 1.951504226142099577e-04
3.640167364016737110e+02 2.528598615198166671e-04
3.671548117154811735e+02 2.376519097629270667e-04
3.702928870292886359e+02 2.611796556039431508e-04
3.734309623430962120e+02 2.547087338309235189e-04
3.765690376569037880e+02 1.872869351741063889e-04
3.797071129707113641e+02 2.135123876537802900e-04
3.828451882845188265e+02 1.869509752898648909e-04
3.859832635983262890e+02 1.682194924537024332e-04
3.891213389121338651e+02 1.105100535480957238e-04
3.922594142259414411e+02 1.044632740924821696e-04
3.953974895397490172e+02 8.817850306351376032e-05
3.985355648535564796e+02 1.433457245118520060e-04
4.016736401673639421e+02 1.741882950334735971e-04
4.048117154811715181e+02 1.873337923653912128e-04
4.079497907949790942e+02 2.032627389825336466e-04
4.110878661087866703e+02 1.936477721531076456e-04
4.142259414225941327e+02 2.169871122446847666e-04
4.173640167364017088e+02 2.466469825512425124e-04
4.205020920502091712e+02 3.020480524578365421e-04
4.236401673640167473e+02 2.587248096690658410e-04
4.267782426778243234e+02 2.857807665311055349e-04
4.299163179916317858e+02 2.591801907763850547e-04
4.330543933054393619e+02 2.865803833899220610e-04
4.361924686192468243e+02 3.422351154305208060e-04
4.393305439330544004e+02 3.470974600153775569e-04
4.424686192468619765e+02 2.968687010053146051e-04
4.456066945606694389e+02 2.462675530302449629e-04
4.487447698744770150e+02 2.602165109108862603e-04
4.518828451882844774e+02 2.121147490226258335e-04
4.550209205020920535e+02 2.083041478559409000e-04
4.581589958158996296e+02 1.787072521916210563e-04
4.612970711297070920e+02 1.214429300203400709e-04
4.644351464435146681e+02 9.324124534390619903e-05
4.675732217573221305e+02 9.324124534390619903e-05
4.707112970711297066e+02 1.063885867822562600e-04
4.738493723849372827e+02 9.247975792600745745e-05
4.769874476987448588e+02 1.144497964313743836e-04
4.801255230125523212e+02 1.451459102015319365e-04
4.832635983263597836e+02 1.779460417404006393e-04
4.864016736401673597e+02 1.673750129300125185e-04
4.895397489539749358e+02 2.057495060404940929e-04
4.926778242677823982e+02 2.900440433226303578e-04
4.958158995815899743e+02 3.170194819647467396e-04
4.989539748953975504e+02 3.188187314234164176e-04
5.020920502092050128e+02 3.079843415598718277e-04
5.052301255230125889e+02 2.683284548995281717e-04
5.083682008368200513e+02 2.094504784965092563e-04
5.115062761506276274e+02 2.242711789634203173e-04
5.146443514644352035e+02 1.858966858529387429e-04
5.177824267782426659e+02 1.016021485708024780e-04
5.209205020920502420e+02 6.157667751264346220e-05
5.240585774058577044e+02 4.789332037001374498e-05
5.271966527196652805e+02 2.696090623279055049e-05
5.303347280334728566e+02 2.696090623279055049e-05
5.334728033472803190e+02 2.696090623279055049e-05
5.366108786610878951e+02 1.214020576587948944e-05
5.397489539748953575e+02 1.214020576587948944e-05
5.428870292887029336e+02 5.118846188116588092e-05
5.460251046025105097e+02 4.723934303054681122e-05
5.491631799163179721e+02 4.723934303054681122e-05
5.523012552301255482e+02 6.160261853440296073e-05
5.554393305439330106e+02 7.567824697054126998e-05
5.585774058577405867e+02 9.337281872553006637e-05
5.617154811715481628e+02 9.337281872553006637e-05
5.648535564853556252e+02 1.665673898865803297e-04
5.679916317991632013e+02 1.612040952026130153e-04
5.711297071129706637e+02 2.031873012120228444e-04
5.742677824267782398e+02 2.180180570712239932e-04
5.774058577405858159e+02 2.153195281689198985e-04
5.805439330543932783e+02 2.116221259816464077e-04
5.836820083682008544e+02 1.939275542266576113e-04
5.868200836820083168e+02 2.212913208954193738e-04
5.899581589958158929e+02 1.736323967330886085e-04
5.930962343096234690e+02 1.641819014061621750e-04
5.962343096234309314e+02 1.389798149052426900e-04
5.993723849372385075e+02 1.241490590460415412e-04
6.025104602510459699e+02 1.124843124444894864e-04
6.056485355648535460e+02 1.319105680042116473e-04
6.087866108786611221e+02 1.446138472466968784e-04
6.119246861924685845e+02 1.530271050734928993e-04
6.150627615062761606e+02 1.676894351988998666e-04
6.182008368200837367e+02 1.779975997194646782e-04
6.213389121338911991e+02 2.176021296657233706e-04
6.244769874476987752e+02 2.459711659916399146e-04
6.276150627615062376e+02 2.965459417815586099e-04
6.307531380753138137e+02 2.972590415197306005e-04
6.338912133891213898e+02 2.966024015870222935e-04
6.370292887029288522e+02 2.761151248413663654e-04
6.401673640167364283e+02 2.451769718908865074e-04
6.433054393305438907e+02 2.955399640942935925e-04
6.464435146443514668e+02 2.742234018264359287e-04
6.495815899581590429e+02 3.347999746001720407e-04
6.527196652719665053e+02 3.226360203982588798e-04
6.558577405857740814e+02 3.483813860935109329e-04
6.589958158995815438e+02 3.637691629882985368e-04
6.621338912133891199e+02 3.732857874958910895e-04
6.652719665271966960e+02 3.746392229298867518e-04
6.684100418410041584e+02 3.056373083024361940e-04
6.715481171548117345e+02 3.082605438718051018e-04
6.746861924686191969e+02 2.306414207376050914e-04
6.778242677824267730e+02 1.922305991495995570e-04
6.809623430962343491e+02 1.359676519075885340e-04
6.841004184100418115e+02 1.278450200017352059e-04
6.872384937238493876e+02 1.336651200667350256e-04
6.903765690376568500e+02 1.653163189296010319e-04
6.935146443514644261e+02 1.888430492228993646e-04
6.966527196652720022e+02 1.559812031451312739e-04
6.997907949790794646e+02 1.446547171796786282e-04
7.029288702928870407e+02 1.737964909575770434e-04
7.060669456066945031e+02 1.868053347160707894e-04
7.092050209205020792e+02 1.916188119068136519e-04
7.123430962343096553e+02 1.686808596988755016e-04
7.154811715481171177e+02 1.264164012283672256e-04
7.186192468619246938e+02 8.698596273415491048e-05
7.217573221757321562e+02 7.396439914040230101e-05
7.248953974895397323e+02 8.162587344047022436e-05
