0.000000000000000000e+00 0.000000000000000000e+00
3.138075313807533462e+00 0.000000000000000000e+00
6.276150627615066924e+00 0.000000000000000000e+00
9.414225941422586175e+00 0.000000000000000000e+00
1.255230125523013385e+01 0.000000000000000000e+00
1.569037656903765310e+01 7.756552577154139257e-07
1.882845188284518656e+01 1.455643942315182901e-06
2.196652719665272002e+01 2.071735257439988189e-06
2.510460251046023927e+01 3.654989250277314266e-06
2.824267782426778695e+01 4.913252550299643058e-06
3.138075313807530620e+01 4.913252550299643058e-06
3.451882845188283966e+01 4.913252550299643058e-06
3.765690376569037312e+01 4.913252550299643058e-06
4.079497907949790658e+01 4.137597292584229027e-06
4.393305439330544004e+01 3.457608607984459945e-06
4.707112970711297351e+01 2.841517292859654870e-06
5.020920502092049276e+01 1.258263300022328793e-06
5.334728033472802622e+01 0.000000000000000000e+00
5.648535564853555968e+01 8.166791393958870842e-07
5.962343096234309314e+01 1.276663761467231139e-06
6.276150627615062660e+01 1.784576678244623250e-06
6.589958158995816007e+01 2.705728640941771795e-06
6.903765690376567932e+01 1.106964755535891380e-05
7.217573221757319857e+01 1.111702845267582039e-05
7.531380753138074624e+01 1.111702845267582039e-05
7.845188284518829391e+01 1.171424697192748565e-05
8.158995815899581316e+01 1.679627595338043631e-05
8.472803347280333242e+01 1.689932619443786698e-05
8.786610878661088009e+01 1.639141327766047572e-05
9.100418410041839934e+01 1.547026131496332632e-05
9.414225941422594701e+01 9.106032903648017649e-06
9.728033472803346626e+01 1.049799300472482530e-05
1.004184100418409855e+02 1.667225021379665158e-05
1.035564853556485332e+02 2.061138499992708014e-05
1.066945606694560524e+02 1.711713822974066812e-05
1.098326359832636001e+02 1.837866355155196089e-05
1.129707112970711194e+02 1.950544038240501198e-05
1.161087866108786670e+02 1.968212331324022634e-05
1.192468619246861863e+02 1.811077482802530262e-05
1.223849372384937055e+02 1.743545967206329328e-05
1.255230125523012532e+02 1.126120246299146699e-05
1.286610878661087725e+02 6.724849157609373172e-06
1.317991631799163201e+02 5.113130881404208264e-06
1.349372384937238394e+02 4.030516257611950590e-06
1.380753138075313871e+02 4.036224811845829210e-06
1.412133891213389063e+02 8.489488004066613098e-06
1.443514644351464256e+02 8.615787360476409920e-06
1.474895397489539732e+02 1.021501683896394204e-05
1.506276150627614925e+02 1.544860112991424327e-05
1.537656903765690402e+02 1.544860112991424327e-05
1.569037656903765594e+02 1.862036712901852560e-05
1.600418410041840787e+02 2.360229181306752717e-05
1.631799163179916263e+02 3.207790391981340774e-05
1.663179916317991456e+02 3.789771172608988808e-05
1.694560669456066933e+02 4.006660795698727606e-05
1.725941422594142125e+02 4.051875550529030758e-05
1.757322175732217602e+02 3.662674591470591539e-05
1.788702928870292794e+02 4.136026665939770535e-05
1.820083682008367987e+02 5.231727406362515450e-05
1.851464435146443464e+02 5.147434191575942007e-05
1.882845188284518656e+02 4.624124570558790824e-05
1.914225941422594133e+02 4.093033394314343158e-05
1.945606694560669609e+02 4.034712254341684572e-05
1.976987447698744802e+02 4.911571338833296482e-05
2.008368200836819994e+02 5.054430475635884358e-05
2.039748953974895187e+02 4.669892452205157249e-05
2.071129707112970380e+02 3.845089296957749942e-05
2.102510460251046140e+02 3.574606148153482187e-05
2.133891213389121333e+02 3.320307077191110481e-05
2.165271966527196525e+02 3.470847279074231384e-05
2.196652719665271718e+02 3.766716234011917514e-05
2.228033472803346910e+02 2.774000695656626586e-05
2.259414225941422671e+02 3.121292332408502103e-05
2.290794979079497864e+02 3.708262602431912987e-05
2.322175732217573056e+02 3.047760879879921471e-05
2.353556485355648249e+02 3.475064166823566719e-05
2.384937238493724010e+02 3.517321387260432934e-05
2.416317991631799202e+02 2.995401794806797709e-05
2.447698744769874395e+02 2.649104169411228859e-05
2.479079497907949587e+02 2.672324217013860559e-05
2.510460251046024780e+02 2.724485049442138874e-05
2.541841004184100541e+02 2.068701167497974955e-05
2.573221757322176018e+02 2.061854397518474635e-05
2.604602510460250642e+02 1.609402254681177417e-05
2.635983263598326403e+02 1.534715235525921438e-05
2.667364016736401027e+02 1.471540960840841375e-05
2.698744769874476788e+02 1.314231753941653156e-05
2.730125523012552549e+02 1.188878084062972278e-05
2.761506276150627173e+02 2.047194716559727038e-05
2.792887029288702934e+02 3.273175918671456094e-05
2.824267782426777558e+02 3.621125899461597863e-05
2.855648535564853319e+02 3.995937526189293171e-05
2.887029288702929080e+02 4.239532132829730679e-05
2.918410041841003704e+02 4.361363022412602310e-05
2.949790794979079465e+02 4.499631971279606036e-05
2.981171548117155226e+02 4.556885228313998560e-05
3.012552301255229850e+02 3.052163993927885623e-05
3.043933054393305611e+02 1.830760440188497159e-05
3.075313807531380235e+02 1.642368125261668504e-05
3.106694560669455996e+02 1.378308180767886301e-05
3.138075313807531757e+02 1.190660276481164638e-05
3.169456066945606381e+02 1.100993304684484003e-05
3.200836820083682142e+02 1.382838808091323406e-05
3.232217573221756766e+02 1.543100107260792636e-05
3.263598326359832527e+02 1.626191224056168071e-05
3.294979079497908288e+02 1.669116517253482236e-05
3.326359832635982912e+02 1.518295726306929981e-05
3.357740585774058673e+02 1.423679608449041978e-05
3.389121338912133297e+02 1.422788765766797546e-05
3.420502092050209058e+02 1.340179661100233087e-05
3.451882845188284819e+02 9.137704656367101261e-06
3.483263598326359443e+02 6.327056986503497120e-06
3.514644351464435204e+02 5.246024549531065357e-06
3.546025104602509828e+02 5.269549766151351670e-06
3.577405857740585589e+02 5.334489986448239050e-06
3.608786610878661349e+02 3.783839635457719643e-06
3.640167364016735974e+02 2.975755830572288096e-06
3.671548117154811735e+02 4.085652674179051508e-06
3.702928870292886359e+02 8.244509790476296524e-06
3.734309623430962120e+02 1.590351535290742985e-05
3.765690376569037880e+02 1.750886773490146608e-05
3.797071129707112505e+02 1.742136712565560842e-05
3.828451882845188265e+02 1.807174632953456074e-05
3.859832635983262890e+02 1.758604816579214603e-05
3.891213389121338651e+02 1.731942433730912067e-05
3.922594142259414411e+02 1.858283911870730470e-05
3.953974895397489036e+02 1.767379463942333247e-05
3.985355648535564796e+02 2.086579899921483768e-05
4.016736401673639421e+02 2.336949051245901894e-05
4.048117154811715181e+02 2.494827942722620913e-05
4.079497907949790942e+02 2.545587810678267334e-05
4.110878661087865567e+02 3.007941015956995794e-05
4.142259414225941327e+02 3.193090331943731824e-05
4.173640167364017088e+02 2.947197275614217354e-05
4.205020920502091712e+02 2.632608633694027414e-05
4.236401673640167473e+02 1.547507641471763560e-05
4.267782426778242097e+02 1.240336777009987904e-05
4.299163179916317858e+02 1.037163518319527940e-05
4.330543933054393619e+02 1.102718428723666304e-05
4.361924686192468243e+02 6.400728588174919419e-06
4.393305439330544004e+02 5.183040969853236653e-06
4.424686192468618628e+02 5.210270679229531479e-06
4.456066945606694389e+02 7.570686672779005331e-06
4.487447698744770150e+02 7.570686672779005331e-06
4.518828451882844774e+02 6.482827949877477489e-06
4.550209205020920535e+02 7.768496196600041103e-06
4.581589958158996296e+02 5.876608331123467366e-06
4.612970711297070920e+02 6.263819897283967510e-06
4.644351464435146681e+02 4.755216561985525434e-06
4.675732217573221305e+02 4.573027718980443232e-06
4.707112970711297066e+02 2.542113486153326288e-06
4.738493723849372827e+02 5.289741511499727270e-06
4.769874476987448588e+02 5.984670740685380744e-06
4.801255230125523212e+02 5.079568370984835751e-06
4.832635983263597836e+02 8.660027552843106192e-06
4.864016736401673597e+02 1.114872677035938422e-05
4.895397489539749358e+02 1.328065720388382429e-05
4.926778242677823982e+02 1.661173978305673397e-05
4.958158995815899743e+02 1.819120806757974253e-05
4.989539748953975504e+02 1.641047383314114035e-05
5.020920502092050128e+02 1.621643007388963659e-05
5.052301255230125889e+02 2.035355322297917281e-05
5.083682008368200513e+02 2.559322249715657383e-05
5.115062761506276274e+02 2.765402410842906925e-05
5.146443514644352035e+02 2.838353871808418265e-05
5.177824267782426659e+02 2.636922842631360831e-05
5.209205020920502420e+02 2.824074496981008415e-05
5.240585774058577044e+02 4.101750661172519005e-05
5.271966527196652805e+02 5.042974618427214150e-05
5.303347280334728566e+02 5.970385720829098379e-05
5.334728033472803190e+02 6.438622050441164882e-05
5.366108786610878951e+02 6.154640679959731383e-05
5.397489539748953575e+02 6.604606283623897650e-05
5.428870292887029336e+02 7.120434547702530169e-05
5.460251046025105097e+02 7.096018810358127983e-05
5.491631799163179721e+02 5.850900722731883262e-05
5.523012552301255482e+02 4.859588218483773146e-05
5.554393305439330106e+02 3.866758181062809148e-05
5.585774058577405867e+02 2.514963125896049496e-05
5.617154811715481628e+02 2.436210554967430152e-05
5.648535564853556252e+02 1.791020956558634324e-05
5.679916317991632013e+02 1.138687906378834389e-05
5.711297071129706637e+02 1.046085247058555455e-05
5.742677824267782398e+02 1.033605925006839728e-05
5.774058577405858159e+02 1.120802317550905662e-05
5.805439330543932783e+02 7.278561650397950139e-06
5.836820083682008544e+02 1.135438876247087808e-05
5.868200836820083168e+02 1.113527108438937306e-05
5.899581589958158929e+02 1.011730023420893878e-05
5.930962343096234690e+02 1.011730023420893878e-05
5.962343096234309314e+02 7.403071394302535285e-06
5.993723849372385075e+02 6.235390058259235053e-06
6.025104602510459699e+02 5.363426132818575713e-06
6.056485355648535460e+02 7.625478818530108914e-06
6.087866108786611221e+02 6.371994912753443756e-06
6.119246861924685845e+02 6.170461488074158261e-06
6.150627615062761606e+02 7.252997457631320168e-06
6.182008368200837367e+02 8.068697217445796720e-06
6.213389121338911991e+02 8.683232805942599046e-06
6.244769874476987752e+02 9.874436065349296611e-06
6.276150627615062376e+02 1.025044033256170516e-05
6.307531380753138137e+02 1.223074449740969502e-05
6.338912133891213898e+02 1.056436817245477895e-05
6.370292887029288522e+02 9.628944761262085011e-06
6.401673640167364283e+02 8.546408791704923104e-06
6.433054393305438907e+02 1.024680284421081340e-05
6.464435146443514668e+02 9.842108108731254922e-06
6.495815899581590429e+02 8.865341030957478875e-06
6.527196652719665053e+02 9.503087311414453158e-06
6.558577405857740814e+02 6.422686207982865672e-06
6.589958158995815438e+02 5.932442304265855143e-06
6.621338912133891199e+02 6.937327046286907543e-06
6.652719665271966960e+02 7.059925451318349761e-06
6.684100418410041584e+02 6.204059823602448877e-06
6.715481171548117345e+02 6.921503016230133414e-06
6.746861924686191969e+02 7.048337440848976253e-06
6.778242677824267730e+02 6.456214081855494655e-06
6.809623430962343491e+02 5.811730259626737838e-06
6.841004184100418115e+02 5.555249639714577269e-06
6.872384937238493876e+02 4.550364897693524868e-06
6.903765690376568500e+02 5.267881654955953487e-06
6.935146443514644261e+02 9.474753037135344967e-06
6.966527196652720022e+02 8.899392479270041949e-06
6.997907949790794646e+02 8.558121873018277592e-06
7.029288702928870407e+02 8.136494684342376361e-06
7.060669456066945031e+02 7.526869866522991649e-06
7.092050209205020792e+02 7.223385053647707506e-06
7.123430962343096553e+02 8.107504624327711677e-06
7.154811715481171177e+02 7.569037696811297712e-06
7.186192468619246938e+02 3.699168400564563364e-06
7.217573221757321562e+02 3.642679522504444455e-06
7.248953974895397323e+02 3.642679522504444455e-06
