0.000000000000000000e+00 7.074315213102771831e-03
3.138075313807576094e+00 7.095636610761595596e-03
6.276150627615095345e+00 7.055216581249633932e-03
9.414225941422614596e+00 7.218434968329103668e-03
1.255230125523013385e+01 7.661842389028959525e-03
1.569037656903765310e+01 7.840809773624380502e-03
1.882845188284522919e+01 8.350941414875535582e-03
2.196652719665274844e+01 8.633552126881971142e-03
2.510460251046026769e+01 8.773625355771186990e-03
2.824267782426778695e+01 9.156739892338687861e-03
3.138075313807536304e+01 9.318360607875060542e-03
3.451882845188288229e+01 9.155053958855498275e-03
3.765690376569040154e+01 8.484838891897246785e-03
4.079497907949792079e+01 7.993023691605045944e-03
4.393305439330549689e+01 7.425993642762047237e-03
4.707112970711301614e+01 6.876665660110137246e-03
5.020920502092053539e+01 6.491327970025845967e-03
5.334728033472805464e+01 5.867115362837516113e-03
5.648535564853557389e+01 5.371267199164534573e-03
5.962343096234314999e+01 5.123195754139147490e-03
6.276150627615066924e+01 4.977163713284181445e-03
6.589958158995818849e+01 4.892407932691248545e-03
6.903765690376570774e+01 4.876047602207733006e-03
7.217573221757322699e+01 4.767550252359371854e-03
7.531380753138080308e+01 4.516940772070696108e-03
7.845188284518832234e+01 4.400951634725550066e-03
8.158995815899584159e+01 4.190959006296991751e-03
8.472803347280336084e+01 3.794925869095737425e-03
8.786610878661088009e+01 3.486253897084928832e-03
9.100418410041845618e+01 3.296096833220595046e-03
9.414225941422597543e+01 3.104307423580459496e-03
9.728033472803349468e+01 3.001526647503405948e-03
1.004184100418410139e+02 3.000042663151583633e-03
1.035564853556485332e+02 2.824004433238942735e-03
1.066945606694561093e+02 2.762476470838638731e-03
1.098326359832636285e+02 2.679233299569150351e-03
1.129707112970711478e+02 2.648179770996839794e-03
1.161087866108787239e+02 2.595633624674863887e-03
1.192468619246861863e+02 2.499739241853298627e-03
1.223849372384937624e+02 2.222222502064226390e-03
1.255230125523012816e+02 1.866685710485382205e-03
1.286610878661088009e+02 1.618447047668464950e-03
1.317991631799163770e+02 1.506553963739089286e-03
1.349372384937238394e+02 1.418680148484754294e-03
1.380753138075314155e+02 1.329841726811751418e-03
1.412133891213389347e+02 1.234222293902152712e-03
1.443514644351464540e+02 1.106915074062894688e-03
1.474895397489540301e+02 1.088306165751173893e-03
1.506276150627614925e+02 1.043784600906573490e-03
1.537656903765690686e+02 9.609835883753747865e-04
1.569037656903765878e+02 8.109645352846958644e-04
1.600418410041841071e+02 6.888834963706125247e-04
1.631799163179916832e+02 6.455990264287378433e-04
1.663179916317991456e+02 6.183343230806090385e-04
1.694560669456067217e+02 6.221721704437604972e-04
1.725941422594142409e+02 6.261971695960683038e-04
1.757322175732217602e+02 6.222261541703119625e-04
1.788702928870293363e+02 6.554372021998627895e-04
1.820083682008367987e+02 6.851124257969271047e-04
1.851464435146443748e+02 7.117915188673967775e-04
1.882845188284518940e+02 6.906850354431656736e-04
1.914225941422594133e+02 6.271266853173848577e-04
1.945606694560669894e+02 5.516119385207199355e-04
1.976987447698745086e+02 5.477660016861771175e-04
2.008368200836820279e+02 5.632781312297496790e-04
2.039748953974895471e+02 5.858932434536084921e-04
2.071129707112970664e+02 6.352197617575106037e-04
2.102510460251046425e+02 6.274108365503308637e-04
2.133891213389121617e+02 6.282278694905510386e-04
2.165271966527196810e+02 6.399684355480189657e-04
2.196652719665272002e+02 6.455045564965899985e-04
2.228033472803347195e+02 5.692681057748658069e-04
2.259414225941422956e+02 5.624160870276451174e-04
2.290794979079498148e+02 5.550574518981832295e-04
2.322175732217573341e+02 4.449723450213674547e-04
2.353556485355648533e+02 4.072992619431337058e-04
2.384937238493724294e+02 3.830645251342579272e-04
2.416317991631799487e+02 3.771126438330343889e-04
2.447698744769874111e+02 3.780061893735239820e-04
2.479079497907949872e+02 3.811556364912982442e-04
2.510460251046025633e+02 3.329676208418466676e-04
2.541841004184101394e+02 3.129907936752773789e-04
2.573221757322176018e+02 3.629735185465693403e-04
2.604602510460250642e+02 3.924987374428756670e-04
2.635983263598326403e+02 3.716496367552890590e-04
2.667364016736402164e+02 3.354146862111842542e-04
2.698744769874477925e+02 3.078403986342473364e-04
2.730125523012552549e+02 2.849362000436964082e-04
2.761506276150627173e+02 2.568924105200015573e-04
2.792887029288702934e+02 2.161824367176989892e-04
2.824267782426778695e+02 1.547854165565298867e-04
2.855648535564854456e+02 1.025521710018711952e-04
2.887029288702929080e+02 9.371990659754608766e-05
2.918410041841003704e+02 1.215281628902248334e-04
2.949790794979079465e+02 1.580833150891386429e-04
2.981171548117155226e+02 1.903899367500239137e-04
3.012552301255230986e+02 2.299899498315258195e-04
3.043933054393305611e+02 2.942317897765486800e-04
3.075313807531380235e+02 3.772184859141478053e-04
3.106694560669455996e+02 4.428451457340887298e-04
3.138075313807531757e+02 5.785012460491414932e-04
3.169456066945607517e+02 7.033793426869522358e-04
3.200836820083682142e+02 7.687945089606060267e-04
3.232217573221756766e+02 9.111042151570963865e-04
3.263598326359832527e+02 9.552332026794632669e-04
3.294979079497908288e+02 9.018557993588499633e-04
3.326359832635984048e+02 8.422240190818428007e-04
3.357740585774058673e+02 8.620580482300785330e-04
3.389121338912133297e+02 7.888631697960252209e-04
3.420502092050209058e+02 6.891216548728859581e-04
3.451882845188284819e+02 6.620672059251542230e-04
3.483263598326360579e+02 7.255271526881781896e-04
3.514644351464435204e+02 8.140006151339737595e-04
3.546025104602509828e+02 9.352115718757811336e-04
3.577405857740585589e+02 1.082542712360780313e-03
3.608786610878661349e+02 1.104563323290772003e-03
3.640167364016737110e+02 1.130408857402460943e-03
3.671548117154811735e+02 1.129163020061246803e-03
3.702928870292886359e+02 1.161069189312642636e-03
3.734309623430962120e+02 1.027650446694318431e-03
3.765690376569037880e+02 1.059035752680508036e-03
3.797071129707113641e+02 1.098137691029191232e-03
3.828451882845188265e+02 1.085305212448761658e-03
3.859832635983262890e+02 1.101392084357923074e-03
3.891213389121338651e+02 1.132297988423382196e-03
3.922594142259414411e+02 1.301009964677232733e-03
3.953974895397490172e+02 1.366303506479857321e-03
3.985355648535564796e+02 1.355419516540362634e-03
4.016736401673639421e+02 1.231933629900573701e-03
4.048117154811715181e+02 1.068716810353080582e-03
4.079497907949790942e+02 9.826566610256493028e-04
4.110878661087866703e+02 9.587875803460030322e-04
4.142259414225941327e+02 9.283978374270140943e-04
4.173640167364017088e+02 7.461411131084033643e-04
4.205020920502091712e+02 6.113802569813406307e-04
4.236401673640167473e+02 5.440680285391241711e-04
4.267782426778243234e+02 5.415712521270599211e-04
4.299163179916317858e+02 6.146259200472611872e-04
4.330543933054393619e+02 6.871048755678482722e-04
4.361924686192468243e+02 7.347904262225216088e-04
4.393305439330544004e+02 8.354583112790969768e-04
4.424686192468619765e+02 9.980438158626245282e-04
4.456066945606694389e+02 1.141379710057885410e-03
4.487447698744770150e+02 1.399792563351612285e-03
4.518828451882844774e+02 1.545819939422279909e-03
4.550209205020920535e+02 1.700423711116096082e-03
4.581589958158996296e+02 1.772383988812784028e-03
4.612970711297070920e+02 1.836025509910806097e-03
4.644351464435146681e+02 1.772100672085025197e-03
4.675732217573221305e+02 1.704529751459411824e-03
4.707112970711297066e+02 1.645225434651835517e-03
4.738493723849372827e+02 1.443557394323398413e-03
4.769874476987448588e+02 1.351330260618330281e-03
4.801255230125523212e+02 1.202973442599564180e-03
4.832635983263597836e+02 1.045131468397117458e-03
4.864016736401673597e+02 9.004776405588249544e-04
4.895397489539749358e+02 8.243188047135432961e-04
4.926778242677823982e+02 7.258929746456546650e-04
4.958158995815899743e+02 6.796409079549703414e-04
4.989539748953975504e+02 6.779748130138346651e-04
5.020920502092050128e+02 6.002977569387613066e-04
5.052301255230125889e+02 5.438607959010952064e-04
5.083682008368200513e+02 5.492146618002319292e-04
5.115062761506276274e+02 5.834998069918079233e-04
5.146443514644352035e+02 5.684613528008919392e-04
5.177824267782426659e+02 5.813142886461203362e-04
5.209205020920502420e+02 6.069221002661107089e-04
5.240585774058577044e+02 5.997854830526797021e-04
5.271966527196652805e+02 6.604833941172144618e-04
5.303347280334728566e+02 7.259076357560984016e-04
5.334728033472803190e+02 7.849441450520841523e-04
5.366108786610878951e+02 8.461648906819690952e-04
5.397489539748953575e+02 9.190918626791819146e-04
5.428870292887029336e+02 9.643424145428097782e-04
5.460251046025105097e+02 9.475526270818282470e-04
5.491631799163179721e+02 9.391591376712304928e-04
5.523012552301255482e+02 8.535722204483578435e-04
5.554393305439330106e+02 7.505954916820628542e-04
5.585774058577405867e+02 6.330483304883421924e-04
5.617154811715481628e+02 5.122655274940601799e-04
5.648535564853556252e+02 4.232117597696566369e-04
5.679916317991632013e+02 3.755109063322617513e-04
5.711297071129706637e+02 3.680094004873402103e-04
5.742677824267782398e+02 3.921823485014686028e-04
5.774058577405858159e+02 4.960569916542811875e-04
5.805439330543932783e+02 5.796187107373063085e-04
5.836820083682008544e+02 6.850792929591273395e-04
5.868200836820083168e+02 7.166638604468034135e-04
5.899581589958158929e+02 7.662145310403239984e-04
5.930962343096234690e+02 7.607271774325644054e-04
5.962343096234309314e+02 7.252720934775788719e-04
5.993723849372385075e+02 6.687792213726159729e-04
6.025104602510459699e+02 5.789388900404868199e-04
6.056485355648535460e+02 5.508886773673490889e-04
6.087866108786611221e+02 4.916250005731759298e-04
6.119246861924685845e+02 5.033987034820455730e-04
6.150627615062761606e+02 5.559234676160290656e-04
6.182008368200837367e+02 6.805047374930511817e-04
6.213389121338911991e+02 8.796500522122718824e-04
6.244769874476987752e+02 1.027174446448460288e-03
6.276150627615062376e+02 1.128083715387778740e-03
6.307531380753138137e+02 1.194984053855166484e-03
6.338912133891213898e+02 1.284550975700966824e-03
6.370292887029288522e+02 1.329396958755252323e-03
6.401673640167364283e+02 1.344565031290559376e-03
6.433054393305438907e+02 1.337494513295532650e-03
6.464435146443514668e+02 1.266237038731458930e-03
6.495815899581590429e+02 1.219117524047241830e-03
6.527196652719665053e+02 1.182262045625354085e-03
6.558577405857740814e+02 1.137851117360352826e-03
6.589958158995815438e+02 1.049265289496677245e-03
6.621338912133891199e+02 9.779716706063840137e-04
6.652719665271966960e+02 9.091798557670019432e-04
6.684100418410041584e+02 8.268589843269599782e-04
6.715481171548117345e+02 7.273924547362142778e-04
6.746861924686191969e+02 6.452925425829078576e-04
6.778242677824267730e+02 6.235512509151497351e-04
6.809623430962343491e+02 6.258612237615632234e-04
6.841004184100418115e+02 6.363127953394609460e-04
6.872384937238493876e+02 6.394911963555696688e-04
6.903765690376568500e+02 6.210538002541024505e-04
6.935146443514644261e+02 5.938064337969728435e-04
6.966527196652720022e+02 5.625620129577554862e-04
6.997907949790794646e+02 5.619655989690247599e-04
7.029288702928870407e+02 5.623166565031020858e-04
7.060669456066945031e+02 5.191885197932816221e-04
7.092050209205020792e+02 4.826389035448991338e-04
7.123430962343096553e+02 4.713601558853156015e-04
7.154811715481171177e+02 4.431272592847063096e-04
7.186192468619246938e+02 4.456345031384201238e-04
7.217573221757321562e+02 4.679794472276857520e-04
7.248953974895397323e+02 4.743632086557300620e-04
